,AdminController,AppSetting,BaseModel,CacheConfiguration,CacheSettingService,Constants,DTOUtil,ExceptionHandlerController,FlexmarkMarkdownService,HomeController,Markdown,MarkdownService,Message,MessageHelper,NotFoundException,PegDownMarkdownService,Post,PostController,PostForm,PostFormat,PostRepository,PostService,PostStatus,PostType,PygmentsService,PygmentsVerbatimSerializer,SecurityConfig,Setting,SettingRepository,SettingService,SettingsForm,SpringBlogApplication,SyntaxHighlightService,Tag,TagController,TagRepository,TagService,User,UserController,UserForm,UserRepository,UserService,ViewHelper,WebConfig
AdminController,1.0,0.9638134,0.9602721,0.95524913,0.978375,0.89379436,0.953508,0.9767995,0.9673609,0.9866173,0.93583775,0.8521603,0.9289731,0.94984484,0.94873863,0.9702846,0.96602756,0.9853811,0.9512484,0.92334765,0.9597501,0.96328473,0.91974956,0.92243266,0.94081306,0.93512475,0.97357154,0.9523311,0.9198369,0.91162777,0.93029594,0.9602556,0.841365,0.96381056,0.98970103,0.9092917,0.96835655,0.9706491,0.9592695,0.90482527,0.91287935,0.9622666,0.97759575,0.9702654
AppSetting,0.9638134,1.0,0.96813726,0.95235276,0.9791937,0.91140306,0.96909916,0.9677379,0.94583106,0.96417135,0.91941595,0.82251775,0.95959204,0.9644369,0.93889284,0.96583176,0.95286226,0.9579821,0.93599284,0.94191825,0.94507754,0.92023885,0.9434796,0.9451282,0.9533971,0.9208619,0.96228397,0.92038155,0.8689995,0.90556103,0.9178072,0.9392833,0.81458,0.942386,0.96077335,0.8631518,0.97262603,0.96387255,0.91056645,0.8771199,0.8644011,0.9228987,0.9705055,0.93002105
BaseModel,0.9602721,0.96813726,1.0,0.94312364,0.975447,0.8821111,0.97195864,0.95951796,0.9401431,0.9578513,0.9099571,0.82664895,0.9577576,0.9461619,0.95471764,0.9681594,0.95603055,0.9589368,0.9406121,0.95449567,0.9277054,0.911267,0.9567416,0.95640975,0.94859177,0.92065156,0.95827115,0.9294632,0.8630899,0.9082819,0.92822945,0.9265363,0.8185549,0.9566404,0.95609957,0.8607657,0.97130215,0.9711591,0.9122952,0.89991665,0.86327326,0.9167229,0.97097087,0.91915876
CacheConfiguration,0.95524913,0.95235276,0.94312364,1.0,0.9639865,0.8613477,0.9440446,0.95609426,0.93983126,0.95734644,0.91213393,0.81320417,0.91276395,0.9338524,0.9243212,0.95459545,0.94487435,0.9546993,0.9251677,0.9047638,0.93747663,0.9381546,0.896977,0.8998426,0.9268825,0.9253398,0.9671819,0.936076,0.9002634,0.8887199,0.90209365,0.95449567,0.80738264,0.9456997,0.95313513,0.8858576,0.95588833,0.9526106,0.91664505,0.8687905,0.8890851,0.9501363,0.96040636,0.9520653
CacheSettingService,0.978375,0.9791937,0.975447,0.9639865,1.0,0.8881231,0.96761596,0.97316974,0.9597803,0.97434264,0.92722654,0.83864844,0.9489695,0.9547659,0.95224506,0.9772852,0.96210665,0.9726727,0.9469378,0.93841535,0.95122683,0.9440629,0.9379444,0.9391497,0.9580921,0.9378003,0.97563803,0.94340897,0.90134835,0.9185443,0.9295027,0.9494786,0.83316606,0.95811653,0.9770416,0.89042085,0.9795499,0.9725181,0.93289644,0.898885,0.893136,0.9476435,0.9801475,0.9494977
Constants,0.89379436,0.91140306,0.8821111,0.8613477,0.8881231,1.0,0.87827384,0.88539946,0.8781445,0.889179,0.9058927,0.8501851,0.8945029,0.8825972,0.8986865,0.8846962,0.89634204,0.86983883,0.8956164,0.8979616,0.8811817,0.86673117,0.8943706,0.89120066,0.87978464,0.88784873,0.87346035,0.88700294,0.8414916,0.890015,0.8968381,0.8908701,0.8413235,0.8992917,0.8895823,0.84286183,0.8808856,0.9151801,0.8903009,0.8750467,0.8467247,0.85589814,0.8976046,0.87427443
DTOUtil,0.953508,0.96909916,0.97195864,0.9440446,0.96761596,0.87827384,1.0,0.9579991,0.94499075,0.9512473,0.91286874,0.8101803,0.9655701,0.95796263,0.94043076,0.97164047,0.93229353,0.9552775,0.9248781,0.9488143,0.9255856,0.90193844,0.9507946,0.95339465,0.9620636,0.9165828,0.95650923,0.90333045,0.85165906,0.89382213,0.90582025,0.9296221,0.8065355,0.9355812,0.9458708,0.8512554,0.97501504,0.9552628,0.8970661,0.8702923,0.8506479,0.9063668,0.96299183,0.91265875
ExceptionHandlerController,0.9767995,0.9677379,0.95951796,0.95609426,0.97316974,0.88539946,0.9579991,1.0,0.9600232,0.9754319,0.9280345,0.834354,0.93816423,0.9619477,0.94929725,0.96978486,0.9574965,0.974342,0.9364813,0.9199579,0.9526839,0.9415231,0.9158304,0.91677135,0.94831324,0.931706,0.9648167,0.9357256,0.888512,0.8992493,0.91232896,0.9512805,0.8236524,0.94605434,0.9749819,0.88187575,0.9620503,0.9614042,0.9365146,0.8785492,0.88475686,0.9464343,0.9740586,0.95464754
FlexmarkMarkdownService,0.9673609,0.94583106,0.9401431,0.93983126,0.9597803,0.8781445,0.94499075,0.9600232,1.0,0.9602742,0.94374424,0.8603567,0.915097,0.93552077,0.9191636,0.97451293,0.94833285,0.9729253,0.93757063,0.9084165,0.94885904,0.9570856,0.90012515,0.90219885,0.94757116,0.945493,0.95988476,0.9343473,0.9042697,0.89308393,0.911491,0.94629514,0.850639,0.9419627,0.96695256,0.90040696,0.9530426,0.94681025,0.9271028,0.88778186,0.9003813,0.9482287,0.96719265,0.95731723
HomeController,0.9866173,0.96417135,0.9578513,0.95734644,0.97434264,0.889179,0.9512473,0.9754319,0.9602742,1.0,0.93658245,0.8477979,0.9250814,0.9425655,0.9415386,0.9686489,0.96545243,0.9852104,0.95451546,0.91762054,0.9692086,0.9609072,0.91412455,0.91589206,0.9429574,0.936308,0.9664218,0.9544054,0.9214478,0.9115248,0.93089247,0.961648,0.8351854,0.96621066,0.9884777,0.9126437,0.9686171,0.9715923,0.9550661,0.8999747,0.9147135,0.9582368,0.97257566,0.96256757
Markdown,0.93583775,0.91941595,0.9099571,0.91213393,0.92722654,0.9058927,0.91286874,0.9280345,0.94374424,0.93658245,1.0,0.9351877,0.8900452,0.8927101,0.9313327,0.9512985,0.9261296,0.9281646,0.9326745,0.90962267,0.9206275,0.9325225,0.89264315,0.893678,0.9240682,0.9643303,0.9151334,0.9354235,0.92092085,0.9308982,0.9255127,0.9388326,0.92311454,0.9419472,0.93839175,0.9319123,0.9298254,0.93637323,0.9435595,0.9221356,0.92694366,0.9173063,0.93897057,0.9282158
MarkdownService,0.8521603,0.82251775,0.82664895,0.81320417,0.83864844,0.8501851,0.8101803,0.834354,0.8603567,0.8477979,0.9351877,1.0,0.8058105,0.786383,0.8906846,0.86210203,0.84269553,0.83166516,0.87122697,0.8652848,0.8207037,0.86012715,0.8460012,0.8454288,0.8339702,0.90424585,0.81579125,0.8746399,0.8805092,0.9175996,0.90014476,0.8687304,0.9803671,0.8845338,0.8576935,0.9040658,0.8397507,0.85784996,0.9016109,0.9246204,0.89797056,0.8280554,0.8504522,0.8508362
Message,0.9289731,0.95959204,0.9577576,0.91276395,0.9489695,0.8945029,0.9655701,0.93816423,0.915097,0.9250814,0.8900452,0.8058105,1.0,0.9513378,0.94402546,0.945493,0.91335845,0.92075,0.9222895,0.9638608,0.8898034,0.8709259,0.9691024,0.97141767,0.9496453,0.8874073,0.93589216,0.8770558,0.81128615,0.889701,0.909559,0.89795965,0.80400014,0.90984756,0.9215977,0.81205,0.9516237,0.93535155,0.87724185,0.870378,0.81025785,0.869151,0.946195,0.87943244
MessageHelper,0.94984484,0.9644369,0.9461619,0.9338524,0.9547659,0.8825972,0.95796263,0.9619477,0.93552077,0.9425655,0.8927101,0.786383,0.9513378,1.0,0.91754675,0.9456459,0.93686235,0.94337827,0.9149679,0.91392684,0.9348277,0.903593,0.91884613,0.9197463,0.93373334,0.89796716,0.94759274,0.89413357,0.84403217,0.8795602,0.88363624,0.91303927,0.78260237,0.9161974,0.94589233,0.8385056,0.9514275,0.938521,0.8893863,0.83910024,0.83667934,0.9100374,0.9490981,0.9169253
NotFoundException,0.94873863,0.93889284,0.95471764,0.9243212,0.95224506,0.8986865,0.94043076,0.94929725,0.9191636,0.9415386,0.9313327,0.8906846,0.94402546,0.91754675,1.0,0.94560194,0.93091035,0.9343152,0.94148594,0.9623928,0.9003291,0.911774,0.9607208,0.95981586,0.92944944,0.93091166,0.9389001,0.9238796,0.891709,0.93754184,0.94727904,0.9386735,0.88613045,0.9501612,0.9434053,0.89728856,0.9526485,0.9518659,0.93967056,0.9373375,0.8973756,0.9082582,0.95221937,0.91918325
PegDownMarkdownService,0.9702846,0.96583176,0.9681594,0.95459545,0.9772852,0.8846962,0.97164047,0.96978486,0.97451293,0.9686489,0.9512985,0.86210203,0.945493,0.9456459,0.94560194,1.0,0.95292294,0.9729856,0.94692516,0.9408289,0.9469267,0.93816364,0.9345159,0.93722594,0.97082007,0.95595694,0.96792805,0.9354768,0.89047396,0.9083266,0.927058,0.95248413,0.85284233,0.9546071,0.96676177,0.88973534,0.97504544,0.966444,0.92974675,0.89936006,0.889065,0.93660164,0.976091,0.9441508
Post,0.96602756,0.95286226,0.95603055,0.94487435,0.96210665,0.89634204,0.93229353,0.9574965,0.94833285,0.96545243,0.9261296,0.84269553,0.91335845,0.93686235,0.93091035,0.95292294,1.0,0.9638735,0.9671675,0.90559095,0.964744,0.95926726,0.900388,0.9000306,0.91502833,0.93370605,0.9485954,0.97076,0.9143622,0.9120189,0.94360185,0.9386246,0.8353565,0.97353625,0.97089356,0.90125954,0.94517225,0.9776369,0.93410575,0.91359305,0.90756714,0.9534768,0.9651951,0.9557986
PostController,0.9853811,0.9579821,0.9589368,0.9546993,0.9726727,0.86983883,0.9552775,0.974342,0.9729253,0.9852104,0.9281646,0.83166516,0.92075,0.94337827,0.9343152,0.9729856,0.9638735,1.0,0.9492518,0.91176677,0.9646181,0.96470934,0.9080415,0.910225,0.9437015,0.9299443,0.9711563,0.9460929,0.9137566,0.8977342,0.9171339,0.9569588,0.8244543,0.9566506,0.9856724,0.90388644,0.9677581,0.96317816,0.9412999,0.8888695,0.90543246,0.963675,0.9771737,0.9665224
PostForm,0.9512484,0.93599284,0.9406121,0.9251677,0.9469378,0.8956164,0.9248781,0.9364813,0.93757063,0.95451546,0.9326745,0.87122697,0.9222895,0.9149679,0.94148594,0.94692516,0.9671675,0.9492518,1.0,0.92446756,0.9385134,0.95135045,0.91905034,0.91922677,0.9169274,0.9321164,0.9352525,0.95410407,0.91049945,0.92745763,0.9806423,0.93136287,0.86445415,0.9580283,0.9558536,0.90460813,0.9428463,0.9592004,0.93447816,0.9512414,0.9064424,0.93291616,0.9505117,0.93974054
PostFormat,0.92334765,0.94191825,0.95449567,0.9047638,0.93841535,0.8979616,0.9488143,0.9199579,0.9084165,0.91762054,0.90962267,0.8652848,0.9638608,0.91392684,0.9623928,0.9408289,0.90559095,0.91176677,0.92446756,1.0,0.87587255,0.8682091,0.99167854,0.99329823,0.943573,0.9051658,0.92749864,0.8845998,0.83231497,0.9137763,0.9297436,0.9034066,0.8578284,0.92395276,0.9139385,0.84419787,0.94705296,0.9337878,0.89199567,0.90770876,0.8427485,0.86032116,0.93374,0.8716603
PostRepository,0.9597501,0.94507754,0.9277054,0.93747663,0.95122683,0.8811817,0.9255856,0.9526839,0.94885904,0.9692086,0.9206275,0.8207037,0.8898034,0.9348277,0.9003291,0.9469267,0.964744,0.9646181,0.9385134,0.87587255,1.0,0.9581503,0.8705236,0.8721244,0.92237383,0.920901,0.94837,0.9456432,0.9266367,0.88220483,0.90301824,0.937297,0.8131286,0.9488798,0.9687525,0.9166437,0.94458324,0.9551323,0.9305056,0.86822546,0.91927755,0.9561722,0.9537537,0.9547713
PostService,0.96328473,0.92023885,0.911267,0.9381546,0.9440629,0.86673117,0.90193844,0.9415231,0.9570856,0.9609072,0.9325225,0.86012715,0.8709259,0.903593,0.911774,0.93816364,0.95926726,0.96470934,0.95135045,0.8682091,0.9581503,1.0,0.85962236,0.86027265,0.89620435,0.9372846,0.94735855,0.96207875,0.9556654,0.9054557,0.9213096,0.949173,0.85917026,0.953799,0.97206724,0.93935955,0.93329644,0.94365376,0.94809043,0.9029105,0.9441614,0.98467433,0.9527521,0.9840475
PostStatus,0.91974956,0.9434796,0.9567416,0.896977,0.9379444,0.8943706,0.9507946,0.9158304,0.90012515,0.91412455,0.89264315,0.8460012,0.9691024,0.91884613,0.9607208,0.9345159,0.900388,0.9080415,0.91905034,0.99167854,0.8705236,0.85962236,1.0,0.9974018,0.9377969,0.89120936,0.92391956,0.8763946,0.8207315,0.9104732,0.923464,0.8965066,0.84215367,0.91921854,0.9095696,0.83166647,0.94830894,0.9319642,0.8830216,0.8987795,0.8288852,0.85310555,0.92894995,0.864336
PostType,0.92243266,0.9451282,0.95640975,0.8998426,0.9391497,0.89120066,0.95339465,0.91677135,0.90219885,0.91589206,0.893678,0.8454288,0.97141767,0.9197463,0.95981586,0.93722594,0.9000306,0.910225,0.91922677,0.99329823,0.8721244,0.86027265,0.9974018,1.0,0.94195724,0.89160675,0.92661476,0.8761461,0.82089454,0.9086263,0.9229187,0.8976051,0.8411903,0.9192563,0.9112561,0.83195794,0.95044327,0.93179536,0.88512003,0.89864147,0.8295312,0.8540967,0.9303317,0.8664061
PygmentsService,0.94081306,0.9533971,0.94859177,0.9268825,0.9580921,0.87978464,0.9620636,0.94831324,0.94757116,0.9429574,0.9240682,0.8339702,0.9496453,0.93373334,0.92944944,0.97082007,0.91502833,0.9437015,0.9169274,0.943573,0.92237383,0.89620435,0.9377969,0.94195724,1.0,0.92533547,0.94833314,0.8987024,0.85069615,0.8845637,0.90094817,0.9256646,0.8368553,0.9207285,0.9344125,0.8518727,0.95634496,0.93646026,0.90155244,0.8716452,0.8529597,0.8957448,0.9544371,0.90315485
PygmentsVerbatimSerializer,0.93512475,0.9208619,0.92065156,0.9253398,0.9378003,0.88784873,0.9165828,0.931706,0.945493,0.936308,0.9643303,0.90424585,0.8874073,0.89796716,0.93091166,0.95595694,0.93370605,0.9299443,0.9321164,0.9051658,0.920901,0.9372846,0.89120936,0.89160675,0.92533547,1.0,0.9229952,0.94193995,0.9207705,0.9283378,0.9231592,0.9391083,0.90622854,0.9471763,0.9407174,0.92459965,0.931436,0.9411732,0.93118596,0.91434956,0.9229436,0.9286948,0.9395639,0.93789995
SecurityConfig,0.97357154,0.96228397,0.95827115,0.9671819,0.97563803,0.87346035,0.95650923,0.9648167,0.95988476,0.9664218,0.9151334,0.81579125,0.93589216,0.94759274,0.9389001,0.96792805,0.9485954,0.9711563,0.9352525,0.92749864,0.94837,0.94735855,0.92391956,0.92661476,0.94833314,0.9229952,1.0,0.92910284,0.8962765,0.8892791,0.91222554,0.9509085,0.8110128,0.94228727,0.9696917,0.8814733,0.96770877,0.95536137,0.9293958,0.88145566,0.8881787,0.96038413,0.9763758,0.9600326
Setting,0.9523311,0.92038155,0.9294632,0.936076,0.94340897,0.88700294,0.90333045,0.9357256,0.9343473,0.9544054,0.9354235,0.8746399,0.8770558,0.89413357,0.9238796,0.9354768,0.97076,0.9460929,0.95410407,0.8845998,0.9456432,0.96207875,0.8763946,0.8761461,0.8987024,0.94193995,0.92910284,1.0,0.9518534,0.93204236,0.9462932,0.9413535,0.8722602,0.9827685,0.9565309,0.9341413,0.9267812,0.9710181,0.95298713,0.9354443,0.9428035,0.95723945,0.9456059,0.9588287
SettingRepository,0.9198369,0.8689995,0.8630899,0.9002634,0.90134835,0.8414916,0.85165906,0.888512,0.9042697,0.9214478,0.92092085,0.8805092,0.81128615,0.84403217,0.891709,0.89047396,0.9143622,0.9137566,0.91049945,0.83231497,0.9266367,0.9556654,0.8207315,0.82089454,0.85069615,0.9207705,0.8962765,0.9518534,1.0,0.9121069,0.9042902,0.9302529,0.881461,0.9390478,0.9282923,0.9835125,0.8962851,0.9132652,0.94458175,0.9057678,0.9888207,0.9515276,0.90751415,0.9466965
SettingService,0.91162777,0.90556103,0.9082819,0.8887199,0.9185443,0.890015,0.89382213,0.8992493,0.89308393,0.9115248,0.9308982,0.9175996,0.889701,0.8795602,0.93754184,0.9083266,0.9120189,0.8977342,0.92745763,0.9137763,0.88220483,0.9054557,0.9104732,0.9086263,0.8845637,0.9283378,0.8892791,0.93204236,0.9121069,1.0,0.93825996,0.91962147,0.91301924,0.9379975,0.9152657,0.9151007,0.9100611,0.9276559,0.9247749,0.9400408,0.9129807,0.8919687,0.91288036,0.90273577
SettingsForm,0.93029594,0.9178072,0.92822945,0.90209365,0.9295027,0.8968381,0.90582025,0.91232896,0.911491,0.93089247,0.9255127,0.90014476,0.909559,0.88363624,0.94727904,0.927058,0.94360185,0.9171339,0.9806423,0.9297436,0.90301824,0.9213096,0.923464,0.9229187,0.90094817,0.9231592,0.91222554,0.9462932,0.9042902,0.93825996,1.0,0.92134285,0.89241374,0.95493996,0.93204474,0.9004179,0.9242972,0.949756,0.9349462,0.97965115,0.9050907,0.9028959,0.93306464,0.9140279
SpringBlogApplication,0.9602556,0.9392833,0.9265363,0.95449567,0.9494786,0.8908701,0.9296221,0.9512805,0.94629514,0.961648,0.9388326,0.8687304,0.89795965,0.91303927,0.9386735,0.95248413,0.9386246,0.9569588,0.93136287,0.9034066,0.937297,0.949173,0.8965066,0.8976051,0.9256646,0.9391083,0.9509085,0.9413535,0.9302529,0.91962147,0.92134285,1.0,0.8587141,0.95214355,0.9569745,0.92528486,0.94680804,0.950677,0.95263016,0.9047735,0.9284632,0.9516344,0.957095,0.960376
SyntaxHighlightService,0.841365,0.81458,0.8185549,0.80738264,0.83316606,0.8413235,0.8065355,0.8236524,0.850639,0.8351854,0.92311454,0.9803671,0.80400014,0.78260237,0.88613045,0.85284233,0.8353565,0.8244543,0.86445415,0.8578284,0.8131286,0.85917026,0.84215367,0.8411903,0.8368553,0.90622854,0.8110128,0.8722602,0.881461,0.91301924,0.89241374,0.8587141,1.0,0.87855,0.84900016,0.89991045,0.8332023,0.8501513,0.89357597,0.92262506,0.8954583,0.826968,0.8470119,0.8468236
Tag,0.96381056,0.942386,0.9566404,0.9456997,0.95811653,0.8992917,0.9355812,0.94605434,0.9419627,0.96621066,0.9419472,0.8845338,0.90984756,0.9161974,0.9501612,0.9546071,0.97353625,0.9566506,0.9580283,0.92395276,0.9488798,0.953799,0.91921854,0.9192563,0.9207285,0.9471763,0.94228727,0.9827685,0.9390478,0.9379975,0.95493996,0.95214355,0.87855,1.0,0.96512896,0.9346559,0.9573176,0.9878714,0.953647,0.9404842,0.9378023,0.946041,0.9568943,0.9507799
TagController,0.98970103,0.96077335,0.95609957,0.95313513,0.9770416,0.8895823,0.9458708,0.9749819,0.96695256,0.9884777,0.93839175,0.8576935,0.9215977,0.94589233,0.9434053,0.96676177,0.97089356,0.9856724,0.9558536,0.9139385,0.9687525,0.97206724,0.9095696,0.9112561,0.9344125,0.9407174,0.9696917,0.9565309,0.9282923,0.9152657,0.93204474,0.9569745,0.84900016,0.96512896,1.0,0.92032456,0.96773326,0.96866053,0.9581441,0.9074059,0.91977954,0.9671831,0.9776956,0.9727584
TagRepository,0.9092917,0.8631518,0.8607657,0.8858576,0.89042085,0.84286183,0.8512554,0.88187575,0.90040696,0.9126437,0.9319123,0.9040658,0.81205,0.8385056,0.89728856,0.88973534,0.90125954,0.90388644,0.90460813,0.84419787,0.9166437,0.93935955,0.83166647,0.83195794,0.8518727,0.92459965,0.8814733,0.9341413,0.9835125,0.9151007,0.9004179,0.92528486,0.89991045,0.9346559,0.92032456,1.0,0.9011746,0.9061854,0.94098353,0.91088015,0.9906329,0.9291755,0.89890146,0.9284439
TagService,0.96835655,0.97262603,0.97130215,0.95588833,0.9795499,0.8808856,0.97501504,0.9620503,0.9530426,0.9686171,0.9298254,0.8397507,0.9516237,0.9514275,0.9526485,0.97504544,0.94517225,0.9677581,0.9428463,0.94705296,0.94458324,0.93329644,0.94830894,0.95044327,0.95634496,0.931436,0.96770877,0.9267812,0.8962851,0.9100611,0.9242972,0.94680804,0.8332023,0.9573176,0.96773326,0.9011746,1.0,0.9656905,0.92516553,0.89438736,0.8968312,0.93508625,0.9699725,0.93687606
User,0.9706491,0.96387255,0.9711591,0.9526106,0.9725181,0.9151801,0.9552628,0.9614042,0.94681025,0.9715923,0.93637323,0.85784996,0.93535155,0.938521,0.9518659,0.966444,0.9776369,0.96317816,0.9592004,0.9337878,0.9551323,0.94365376,0.9319642,0.93179536,0.93646026,0.9411732,0.95536137,0.9710181,0.9132652,0.9276559,0.949756,0.950677,0.8501513,0.9878714,0.96866053,0.9061854,0.9656905,1.0,0.9456438,0.92579216,0.91348195,0.9444269,0.96916056,0.9459984
UserController,0.9592695,0.91056645,0.9122952,0.91664505,0.93289644,0.8903009,0.8970661,0.9365146,0.9271028,0.9550661,0.9435595,0.9016109,0.87724185,0.8893863,0.93967056,0.92974675,0.93410575,0.9412999,0.93447816,0.89199567,0.9305056,0.94809043,0.8830216,0.88512003,0.90155244,0.93118596,0.9293958,0.95298713,0.94458175,0.9247749,0.9349462,0.95263016,0.89357597,0.953647,0.9581441,0.94098353,0.92516553,0.9456438,1.0,0.93429875,0.9464377,0.9442448,0.9420798,0.9522568
UserForm,0.90482527,0.8771199,0.89991665,0.8687905,0.898885,0.8750467,0.8702923,0.8785492,0.88778186,0.8999747,0.9221356,0.9246204,0.870378,0.83910024,0.9373375,0.89936006,0.91359305,0.8888695,0.9512414,0.90770876,0.86822546,0.9029105,0.8987795,0.89864147,0.8716452,0.91434956,0.88145566,0.9354443,0.9057678,0.9400408,0.97965115,0.9047735,0.92262506,0.9404842,0.9074059,0.91088015,0.89438736,0.92579216,0.93429875,1.0,0.91543806,0.8855573,0.9083996,0.8947332
UserRepository,0.91287935,0.8644011,0.86327326,0.8890851,0.893136,0.8467247,0.8506479,0.88475686,0.9003813,0.9147135,0.92694366,0.89797056,0.81025785,0.83667934,0.8973756,0.889065,0.90756714,0.90543246,0.9064424,0.8427485,0.91927755,0.9441614,0.8288852,0.8295312,0.8529597,0.9229436,0.8881787,0.9428035,0.9888207,0.9129807,0.9050907,0.9284632,0.8954583,0.9378023,0.91977954,0.9906329,0.8968312,0.91348195,0.9464377,0.91543806,1.0,0.9394076,0.9023457,0.93411887
UserService,0.9622666,0.9228987,0.9167229,0.9501363,0.9476435,0.85589814,0.9063668,0.9464343,0.9482287,0.9582368,0.9173063,0.8280554,0.869151,0.9100374,0.9082582,0.93660164,0.9534768,0.963675,0.93291616,0.86032116,0.9561722,0.98467433,0.85310555,0.8540967,0.8957448,0.9286948,0.96038413,0.95723945,0.9515276,0.8919687,0.9028959,0.9516344,0.826968,0.946041,0.9671831,0.9291755,0.93508625,0.9444269,0.9442448,0.8855573,0.9394076,1.0,0.9575968,0.98464453
ViewHelper,0.97759575,0.9705055,0.97097087,0.96040636,0.9801475,0.8976046,0.96299183,0.9740586,0.96719265,0.97257566,0.93897057,0.8504522,0.946195,0.9490981,0.95221937,0.976091,0.9651951,0.9771737,0.9505117,0.93374,0.9537537,0.9527521,0.92894995,0.9303317,0.9544371,0.9395639,0.9763758,0.9456059,0.90751415,0.91288036,0.93306464,0.957095,0.8470119,0.9568943,0.9776956,0.89890146,0.9699725,0.96916056,0.9420798,0.9083996,0.9023457,0.9575968,1.0,0.96016425
WebConfig,0.9702654,0.93002105,0.91915876,0.9520653,0.9494977,0.87427443,0.91265875,0.95464754,0.95731723,0.96256757,0.9282158,0.8508362,0.87943244,0.9169253,0.91918325,0.9441508,0.9557986,0.9665224,0.93974054,0.8716603,0.9547713,0.9840475,0.864336,0.8664061,0.90315485,0.93789995,0.9600326,0.9588287,0.9466965,0.90273577,0.9140279,0.960376,0.8468236,0.9507799,0.9727584,0.9284439,0.93687606,0.9459984,0.9522568,0.8947332,0.93411887,0.98464453,0.96016425,1.0
