,AdminController,AppSetting,BaseModel,CacheConfiguration,CacheSettingService,Constants,DTOUtil,ExceptionHandlerController,FlexmarkMarkdownService,HomeController,Markdown,MarkdownService,Message,MessageHelper,NotFoundException,PegDownMarkdownService,Post,PostController,PostForm,PostFormat,PostRepository,PostService,PostStatus,PostType,PygmentsService,PygmentsVerbatimSerializer,SecurityConfig,Setting,SettingRepository,SettingService,SettingsForm,SpringBlogApplication,SyntaxHighlightService,Tag,TagController,TagRepository,TagService,User,UserController,UserForm,UserRepository,UserService,ViewHelper,WebConfig
AdminController,1.0,0.19897305965423584,0.18147945404052734,0.1591791808605194,0.28947019577026367,0.030193274840712547,0.15208232402801514,0.2780389189720154,0.21811392903327942,0.7658993698014658,0.09527609497308731,0.009162249974906445,0.07925893366336823,0.1381295770406723,0.13416358828544617,0.23520591855049133,0.21072103083133698,0.7088498911377819,0.1433238834142685,0.06809280812740326,0.17902939021587372,0.19626231491565704,0.06176034361124039,0.06642580032348633,0.1087811142206192,0.09347788244485855,0.25595682859420776,0.14745838940143585,0.061907097697257996,0.049477603286504745,0.08212931454181671,0.18140174448490143,0.006661634426563978,0.19895829260349274,0.7715378423840897,0.04640347510576248,0.2237960249185562,0.23742511868476868,0.5567194349373839,0.04102872684597969,0.051204077899456024,0.1911417543888092,0.7042091426949877,0.23508964478969574
AppSetting,0.19897305965423584,1.0,0.2225324809551239,0.14754216372966766,0.29558685421943665,0.04917360842227936,0.22812636196613312,0.2202489823102951,0.12425369024276733,0.20082859694957733,0.06120273843407631,0.0037809594068676233,0.17829369008541107,0.20221590995788574,0.10336433351039886,0.20965586602687836,0.14952823519706726,0.17096418142318726,0.0956716239452362,0.11202123016119003,0.12180245667695999,0.06258700042963028,0.11675697565078735,0.12196580320596695,0.1516406387090683,0.06365501135587692,0.19122791290283203,0.06283007562160492,0.014943692833185196,0.04187098145484924,0.058580998331308365,0.10444439947605133,0.0029669750947505236,0.11342017352581024,0.18386273086071014,0.01262261625379324,0.2498142570257187,0.19927844405174255,0.048057492822408676,0.018855761736631393,0.013087382540106773,0.06726992875337601,0.2365482598543167,0.08152474462985992
BaseModel,0.18147945404052734,0.2225324809551239,1.0,0.11566068232059479,0.26857274770736694,0.0217296052724123,0.24556393921375275,0.17794986069202423,0.10686098784208298,0.17038141191005707,0.04725993052124977,0.004285464994609356,0.1699652373790741,0.1253449022769928,0.1569797545671463,0.22265958786010742,0.16246666014194489,0.17527490854263306,0.10820162296295166,0.15606985986232758,0.07659883797168732,0.048990387469530106,0.1655145287513733,0.16408538818359375,0.13364534080028534,0.0632925033569336,0.17225834727287292,0.08031100779771805,0.012600015848875046,0.04513222724199295,0.07768794149160385,0.07422176003456116,0.0033509274944663048,0.16507762670516968,0.1627601534128189,0.011778602376580238,0.24145087599754333,0.24056343734264374,0.05039123818278313,0.035811882466077805,0.012667101807892323,0.056875068694353104,0.2394004762172699,0.060776155441999435
CacheConfiguration,0.1591791808605194,0.14754216372966766,0.11566068232059479,1.0,0.1998683363199234,0.011979320086538792,0.11851756274700165,0.16273757815361023,0.1059783399105072,0.16815049946308136,0.05016898363828659,0.0028441986069083214,0.05104250833392143,0.09034948796033859,0.06991052627563477,0.15647824108600616,0.1211494505405426,0.15690430998802185,0.071528859436512,0.04095911979675293,0.09953626245260239,0.10135146975517273,0.032999150454998016,0.03573830798268318,0.07491816580295563,0.07186232507228851,0.21710720658302307,0.09588432312011719,0.0361584834754467,0.02618742734193802,0.03804176300764084,0.15606985986232758,0.002376595279201865,0.12382296472787857,0.15060241520404816,0.02415837161242962,0.1618635356426239,0.1485440880060196,0.0567544549703598,0.014854111708700657,0.026457784697413445,0.13919313251972198,0.18211500346660614,0.1464327722787857
CacheSettingService,0.28947019577026367,0.29558685421943665,0.26857274770736694,0.1998683363199234,1.0,0.025751296430826187,0.21955615282058716,0.2533290386199951,0.17917008697986603,0.261073499917984,0.07561647146940231,0.006144245620816946,0.13498209416866302,0.15717832744121552,0.14712557196617126,0.28151601552963257,0.19034889340400696,0.2501141130924225,0.12793999910354614,0.10205812007188797,0.14324262738227844,0.11857500672340393,0.10078537464141846,0.10407354682683945,0.1714555025100708,0.10039892047643661,0.26989078521728516,0.1165386512875557,0.037263765931129456,0.05976853147149086,0.08039641380310059,0.13680432736873627,0.005215059965848923,0.17156486213207245,0.2797669470310211,0.02746964618563652,0.2982867360115051,0.24912205338478088,0.088065505027771,0.03479953855276108,0.02964218333363533,0.1303451657295227,0.30286961793899536,0.1368730515241623
Constants,0.030193274840712547,0.04917360842227936,0.0217296052724123,0.011979320086538792,0.025751296430826187,1.0,0.019485821947455406,0.02384796552360058,0.019414208829402924,0.026527713984251022,0.04225609451532364,0.008645839989185333,0.030797366052865982,0.02203097566962242,0.03460794314742088,0.0233788900077343,0.0324200838804245,0.015308753587305546,0.031770285218954086,0.03391675651073456,0.02116444893181324,0.013998462818562984,0.030683722347021103,0.028077440336346626,0.020341334864497185,0.025553153827786446,0.01698438823223114,0.024951493367552757,0.006686739157885313,0.0271583404392004,0.032871656119823456,0.027818230912089348,0.006653427612036467,0.03519529104232788,0.026830146089196205,0.006964335683733225,0.020987357944250107,0.054529819637537,0.027377303689718246,0.017772577702999115,0.007807744201272726,0.010221675969660282,0.03358122706413269,0.017384590581059456
DTOUtil,0.15208232402801514,0.22812636196613312,0.24556393921375275,0.11851756274700165,0.21955615282058716,0.019485821947455406,1.0,0.17103998363018036,0.12152314186096191,0.14331962168216705,0.051189202815294266,0.0025912662968039513,0.20824046432971954,0.17087723314762115,0.10768139362335205,0.24356219172477722,0.08665364235639572,0.1592974215745926,0.07097128033638,0.13443124294281006,0.07234109193086624,0.03787846863269806,0.14162418246269226,0.1516309231519699,0.1901361495256424,0.05665821209549904,0.16451260447502136,0.039367351680994034,0.009028472006320953,0.03021674044430256,0.0421716533601284,0.08065497130155563,0.0023150318302214146,0.09462529420852661,0.1243843287229538,0.008922102861106396,0.26561519503593445,0.15923605859279633,0.03308120742440224,0.015509529039263725,0.008764279074966908,0.042812444269657135,0.19477584958076477,0.05089563876390457
ExceptionHandlerController,0.2780389189720154,0.2202489823102951,0.17794986069202423,0.16273757815361023,0.2533290386199951,0.02384796552360058,0.17103998363018036,1.0,0.18030737340450287,0.2684689462184906,0.07728102058172226,0.005404165014624596,0.10137755423784256,0.18956418335437775,0.1361524760723114,0.2321961224079132,0.16881076991558075,0.6360161938404986,0.09692765772342682,0.06211100518703461,0.14883016049861908,0.48579927912711585,0.055506784468889236,0.05695027858018875,0.13266773521900177,0.08529870957136154,0.20421619713306427,0.09499114751815796,0.026034703478217125,0.03515385091304779,0.050437841564416885,0.1434447169303894,0.00391353340819478,0.12498907744884491,0.6742723084344309,0.021585149690508842,0.1900704950094223,0.18690478801727295,0.496683489252637,0.019639138132333755,0.023419009521603584,0.12625017762184143,0.2591775953769684,0.15669186413288116
FlexmarkMarkdownService,0.21811392903327942,0.12425369024276733,0.10686098784208298,0.1059783399105072,0.17917008697986603,0.019414208829402924,0.12152314186096191,0.18030737340450287,1.0,0.18148960173130035,0.11757849156856537,0.01163947768509388,0.05440618470311165,0.09447259455919266,0.06078413873910904,0.26221659779548645,0.13273634016513824,0.25174304842948914,0.09978605806827545,0.0452997162938118,0.13458989560604095,0.1670089215040207,0.036019887775182724,0.03815282881259918,0.13009656965732574,0.123148113489151,0.17965836822986603,0.09155414998531342,0.040403541177511215,0.029598988592624664,0.04929232969880104,0.12578685581684113,0.008761976845562458,0.11215350776910782,0.21582373976707458,0.036302875727415085,0.15023742616176605,0.12750984728336334,0.0753645971417427,0.025505078956484795,0.03627705201506615,0.13237245380878448,0.2171674221754074,0.1680223047733307
HomeController,0.7658993698014658,0.20082859694957733,0.17038141191005707,0.16815049946308136,0.261073499917984,0.026527713984251022,0.14331962168216705,0.2684689462184906,0.18148960173130035,1.0,0.09718972444534302,0.008058941923081875,0.07136222720146179,0.1139615923166275,0.11089779436588287,0.22549134492874146,0.20760701596736908,0.7150110798234264,0.15615077316761017,0.058283839374780655,0.22877125442028046,0.18450427055358887,0.05297906696796417,0.05560033395886421,0.11515209823846817,0.09648030251264572,0.2128814160823822,0.1557013988494873,0.06467532366514206,0.04933804273605347,0.08345606923103333,0.18809323012828827,0.005540417041629553,0.21172183752059937,0.8201226826428113,0.05087461695075035,0.2253061681985855,0.24326054751873016,0.15841838717460632,0.03586968407034874,0.05383903160691261,0.1721041351556778,0.7079930724417598,0.19264183938503265
Markdown,0.09527609497308731,0.06120273843407631,0.04725993052124977,0.05016898363828659,0.07561647146940231,0.04225609451532364,0.051189202815294266,0.07728102058172226,0.11757849156856537,0.09718972444534302,1.0,0.09363530576229095,0.02718140371143818,0.029290789738297462,0.08444838970899582,0.14351259171962738,0.07341146469116211,0.07755236327648163,0.0875432938337326,0.04682759940624237,0.06325113028287888,0.08718719333410263,0.02923593297600746,0.030095169320702553,0.0694337785243988,0.20165802538394928,0.05446034297347069,0.09422732144594193,0.06375696510076523,0.08346889168024063,0.07219867408275604,0.10319860279560089,0.06766432523727417,0.11210738867521286,0.10199396312236786,0.08577211946249008,0.08109711855649948,0.09664842486381531,0.11700451374053955,0.06589305400848389,0.07504183799028397,0.057786908000707626,0.10357846319675446,0.07765938341617584
MarkdownService,0.009162249974906445,0.0037809594068676233,0.004285464994609356,0.0028441986069083214,0.006144245620816946,0.008645839989185333,0.0025912662968039513,0.005404165014624596,0.01163947768509388,0.008058941923081875,0.09363530576229095,1.0,0.0022635662462562323,0.0012297661742195487,0.027673790231347084,0.01224437728524208,0.006930065341293812,0.004985201172530651,0.015931356698274612,0.013426007702946663,0.003577911527827382,0.01156209222972393,0.00764266075566411,0.0075144339352846146,0.005342360120266676,0.04037691652774811,0.003079257905483246,0.01756719872355461,0.0207643061876297,0.05825062841176987,0.03603951260447502,0.014828451909124851,0.3045709431171417,0.02327186055481434,0.010771417990326881,0.0401763878762722,0.006349352654069662,0.010820649564266205,0.03753608465194702,0.07047849893569946,0.03392520174384117,0.004471513908356428,0.008713999763131142,0.00881290715187788
Message,0.07925893366336823,0.17829369008541107,0.1699652373790741,0.05104250833392143,0.13498209416866302,0.030797366052865982,0.20824046432971954,0.10137755423784256,0.05440618470311165,0.07136222720146179,0.02718140371143818,0.0022635662462562323,1.0,0.1436610370874405,0.11845752596855164,0.123148113489151,0.051880158483982086,0.06346195936203003,0.06616853177547455,0.1992177665233612,0.026997381821274757,0.015794293954968452,0.2281453013420105,0.24216976761817932,0.1374059021472931,0.025237420573830605,0.09541469812393188,0.01882135681807995,0.002681152895092964,0.026919815689325333,0.04674573987722397,0.033914901316165924,0.00213979952968657,0.047117892652750015,0.06493888050317764,0.0027449792250990868,0.1447441428899765,0.09404630959033966,0.018921412527561188,0.015547760762274265,0.0025974740274250507,0.015008967369794846,0.12545451521873474,0.020138727501034737
MessageHelper,0.1381295770406723,0.20221590995788574,0.1253449022769928,0.09034948796033859,0.15717832744121552,0.02203097566962242,0.17087723314762115,0.18956418335437775,0.09447259455919266,0.1139615923166275,0.029290789738297462,0.0012297661742195487,0.1436610370874405,1.0,0.058166779577732086,0.12364710122346878,0.09791848063468933,0.11644389480352402,0.05421461537480354,0.05269334837794304,0.09273830056190491,0.039654411375522614,0.060261476784944534,0.06175484135746956,0.09006202220916748,0.033921994268894196,0.13017064332962036,0.03048105537891388,0.007210161536931992,0.02021198160946369,0.0226886123418808,0.05142880231142044,0.0010901818750426173,0.05606561526656151,0.12445508688688278,0.006118141580373049,0.1440000832080841,0.10234583914279938,0.026682766154408455,0.006227534729987383,0.005793568212538958,0.047364287078380585,0.13544024527072906,0.057189859449863434
NotFoundException,0.13416358828544617,0.10336433351039886,0.1569797545671463,0.06991052627563477,0.14712557196617126,0.03460794314742088,0.10768139362335205,0.1361524760723114,0.06078413873910904,0.11089779436588287,0.08444838970899582,0.027673790231347084,0.11845752596855164,0.058166779577732086,1.0,0.12350338697433472,0.08349615335464478,0.09147562831640244,0.11074292659759521,0.19176936149597168,0.036224495619535446,0.04967636987566948,0.18361137807369232,0.17933623492717743,0.08028127253055573,0.08349909633398056,0.1033843457698822,0.06908038258552551,0.02848059870302677,0.09970948845148087,0.1290975958108902,0.10276231914758682,0.024345098063349724,0.1392844170331955,0.11652723699808121,0.03328689560294151,0.14869193732738495,0.14566805958747864,0.10552626103162766,0.09916764497756958,0.03336769714951515,0.045102767646312714,0.14702637493610382,0.06081666424870491
PegDownMarkdownService,0.23520591855049133,0.20965586602687836,0.22265958786010742,0.15647824108600616,0.28151601552963257,0.0233788900077343,0.24356219172477722,0.2321961224079132,0.26221659779548645,0.22549134492874146,0.14351259171962738,0.01224437728524208,0.123148113489151,0.12364710122346878,0.12350338697433472,1.0,0.1497664600610733,0.2521335184574127,0.12789732217788696,0.10882695019245148,0.127902552485466,0.10137594491243362,0.0919681191444397,0.09887295216321945,0.23847268521785736,0.1621542125940323,0.22133338451385498,0.09436160326004028,0.027510635554790497,0.04518779367208481,0.0752735584974289,0.14805181324481964,0.009347354993224144,0.1565261334180832,0.2147616297006607,0.026945797726511955,0.26582232117652893,0.21300388872623444,0.08092574030160904,0.03526224195957184,0.026442844420671463,0.09723952412605286,0.27304109930992126,0.11885137110948563
Post,0.21072103083133698,0.14952823519706726,0.16246666014194489,0.1211494505405426,0.19034889340400696,0.0324200838804245,0.08665364235639572,0.16881076991558075,0.13273634016513824,0.20760701596736908,0.07341146469116211,0.006930065341293812,0.051880158483982086,0.09791848063468933,0.08349615335464478,0.1497664600610733,1.0,0.6243295153450309,0.699365593356734,0.04190558195114136,0.2038317620754242,0.601837300307685,0.03628377616405487,0.03592543676495552,0.05430421605706215,0.08999621868133545,0.13365814089775085,0.23810400068759918,0.053324464708566666,0.0500110425055027,0.11713577806949615,0.10262863337993622,0.005568857304751873,0.25572502613067627,0.23892441391944885,0.03717208281159401,0.12210798263549805,0.2840595245361328,0.4708821824993154,0.052214331924915314,0.044252634048461914,0.551627423335622,0.2062281370162964,0.16148421168327332
PostController,0.7088498911377819,0.17096418142318726,0.17527490854263306,0.15690430998802185,0.2501141130924225,0.015308753587305546,0.1592974215745926,0.6360161938404986,0.25174304842948914,0.7150110798234264,0.07755236327648163,0.004985201172530651,0.06346195936203003,0.11644389480352402,0.09147562831640244,0.2521335184574127,0.6243295153450309,1.0,0.5661298293180732,0.049666546285152435,0.2031678706407547,0.6534007058011562,0.04483448341488838,0.047608960419893265,0.1174454540014267,0.08135666698217392,0.2405460774898529,0.1251165121793747,0.05244852602481842,0.03370269015431404,0.05751604214310646,0.16645647585391998,0.004009911324828863,0.16512160003185272,0.7442567179171942,0.039977602660655975,0.22036397457122803,0.19572019577026367,0.502239324814644,0.026297859847545624,0.0417226180434227,0.5647586036011307,0.2807140052318573,0.21343618631362915
PostForm,0.1433238834142685,0.0956716239452362,0.10820162296295166,0.071528859436512,0.12793999910354614,0.031770285218954086,0.07097128033638,0.09692765772342682,0.09978605806827545,0.15615077316761017,0.0875432938337326,0.015931356698274612,0.06616853177547455,0.05421461537480354,0.11074292659759521,0.12789732217788696,0.699365593356734,0.5661298293180732,1.0,0.07018785178661346,0.10232504457235336,0.5738490778513221,0.06059718504548073,0.06088867783546448,0.05719311162829399,0.08624295145273209,0.09379761666059494,0.15447694063186646,0.04796917364001274,0.07608901709318161,0.30671554803848267,0.08451678603887558,0.013107476755976677,0.1711703985929489,0.161716490983963,0.04078328236937523,0.11481337994337082,0.17648328840732574,0.0918753370642662,0.14329738914966583,0.04290178418159485,0.08811207860708237,0.14057451486587524,0.10572289675474167
PostFormat,0.06809280812740326,0.11202123016119003,0.15606985986232758,0.04095911979675293,0.10205812007188797,0.03391675651073456,0.13443124294281006,0.06211100518703461,0.0452997162938118,0.058283839374780655,0.04682759940624237,0.013426007702946663,0.1992177665233612,0.05269334837794304,0.19176936149597168,0.10882695019245148,0.04190558195114136,0.049666546285152435,0.07018785178661346,1.0,0.01819671131670475,0.014607592485845089,0.4057353436946869,0.4226312041282654,0.1170462816953659,0.04141649231314659,0.07617317140102386,0.023315299302339554,0.005083497613668442,0.052476756274700165,0.08091887086629868,0.03945042937994003,0.010813847184181213,0.06921721994876862,0.052710190415382385,0.007245632354170084,0.12832953035831451,0.0901934802532196,0.02871035970747471,0.044425591826438904,0.006940967403352261,0.011627468280494213,0.09007812291383743,0.016130639240145683
PostRepository,0.17902939021587372,0.12180245667695999,0.07659883797168732,0.09953626245260239,0.14324262738227844,0.02116444893181324,0.07234109193086624,0.14883016049861908,0.13458989560604095,0.22877125442028046,0.06325113028287888,0.003577911527827382,0.026997381821274757,0.09273830056190491,0.036224495619535446,0.127902552485466,0.2038317620754242,0.2031678706407547,0.10232504457235336,0.01819671131670475,1.0,0.17171621322631836,0.015612892806529999,0.01634671911597252,0.06631997227668762,0.06372261792421341,0.13286633789539337,0.12363813817501068,0.07442303746938705,0.02178741991519928,0.039028603583574295,0.09906049817800522,0.0028375976253300905,0.13466346263885498,0.22609499096870422,0.05675233155488968,0.12021975964307785,0.15869322419166565,0.08259323239326477,0.014614462852478027,0.060972828418016434,0.16306965053081512,0.1530650407075882,0.1572004109621048
PostService,0.19626231491565704,0.06258700042963028,0.048990387469530106,0.10135146975517273,0.11857500672340393,0.013998462818562984,0.03787846863269806,0.48579927912711585,0.1670089215040207,0.18450427055358887,0.08718719333410263,0.01156209222972393,0.015794293954968452,0.039654411375522614,0.04967636987566948,0.10137594491243362,0.601837300307685,0.6534007058011562,0.5738490778513221,0.014607592485845089,0.17171621322631836,1.0,0.01139364205300808,0.011611086316406727,0.03229581192135811,0.09902775287628174,0.5043158718085238,0.1902109682559967,0.16092246770858765,0.04174940288066864,0.06443321704864502,0.5106546767687746,0.011244777590036392,0.1532468944787979,0.641941485759487,0.10465653240680695,0.08901439607143402,0.11729700118303299,0.5239328227108384,0.0389123298227787,0.11888476461172104,0.7063472020908921,0.14909669756889343,0.3344808518886566
PostStatus,0.06176034361124039,0.11675697565078735,0.1655145287513733,0.032999150454998016,0.10078537464141846,0.030683722347021103,0.14162418246269226,0.055506784468889236,0.036019887775182724,0.05297906696796417,0.02923593297600746,0.00764266075566411,0.2281453013420105,0.060261476784944534,0.18361137807369232,0.0919681191444397,0.03628377616405487,0.04483448341488838,0.06059718504548073,0.4057353436946869,0.015612892806529999,0.01139364205300808,1.0,0.46851491928100586,0.10038983076810837,0.028084294870495796,0.06915506720542908,0.01846982166171074,0.0035809464752674103,0.0479346439242363,0.06830763816833496,0.032569222152233124,0.006819516886025667,0.0608750581741333,0.04675937071442604,0.004985397681593895,0.13265272974967957,0.08589165657758713,0.022297341376543045,0.03469757363200188,0.004584897309541702,0.009419744834303856,0.07920961827039719,0.013062768615782261
PostType,0.06642580032348633,0.12196580320596695,0.16408538818359375,0.03573830798268318,0.10407354682683945,0.028077440336346626,0.1516309231519699,0.05695027858018875,0.03815282881259918,0.05560033395886421,0.030095169320702553,0.0075144339352846146,0.24216976761817932,0.06175484135746956,0.17933623492717743,0.09887295216321945,0.03592543676495552,0.047608960419893265,0.06088867783546448,0.4226312041282654,0.01634671911597252,0.011611086316406727,0.46851491928100586,1.0,0.11213719099760056,0.028399040922522545,0.07437900453805923,0.018339311704039574,0.0035987705923616886,0.045562002807855606,0.06730632483959198,0.03358172997832298,0.006627139635384083,0.060937654227018356,0.04897572845220566,0.005029261577874422,0.140321746468544,0.08550343662500381,0.02366052009165287,0.03456458821892738,0.004675069358199835,0.009697197005152702,0.08220828324556351,0.01386779174208641
PygmentsService,0.1087811142206192,0.1516406387090683,0.13364534080028534,0.07491816580295563,0.1714555025100708,0.020341334864497185,0.1901361495256424,0.13266773521900177,0.13009656965732574,0.11515209823846817,0.0694337785243988,0.005342360120266676,0.1374059021472931,0.09006202220916748,0.08028127253055573,0.23847268521785736,0.05430421605706215,0.1174454540014267,0.05719311162829399,0.1170462816953659,0.06631997227668762,0.03229581192135811,0.10038983076810837,0.11213719099760056,1.0,0.0718538761138916,0.13273738324642181,0.03462320938706398,0.008776707574725151,0.023291509598493576,0.03685234859585762,0.07249556481838226,0.005824104882776737,0.06342489272356033,0.09171402454376221,0.009085258468985558,0.1638077199459076,0.09687323123216629,0.03747527301311493,0.016123663634061813,0.009379565715789795,0.031884338706731796,0.1558305323123932,0.03917648643255234
PygmentsVerbatimSerializer,0.09347788244485855,0.06365501135587692,0.0632925033569336,0.07186232507228851,0.10039892047643661,0.025553153827786446,0.05665821209549904,0.08529870957136154,0.123148113489151,0.09648030251264572,0.20165802538394928,0.04037691652774811,0.025237420573830605,0.033921994268894196,0.08349909633398056,0.1621542125940323,0.08999621868133545,0.08135666698217392,0.08624295145273209,0.04141649231314659,0.06372261792421341,0.09902775287628174,0.028084294870495796,0.028399040922522545,0.0718538761138916,1.0,0.06744600087404251,0.1120857521891594,0.06349729746580124,0.07791499048471451,0.06774618476629257,0.10395900905132294,0.04264944791793823,0.12874795496463776,0.10850491374731064,0.07043898850679398,0.08468285948038101,0.10982690751552582,0.0841163620352745,0.05330604687333107,0.06735176593065262,0.07866746932268143,0.10522712767124176,0.10066599398851395
SecurityConfig,0.25595682859420776,0.19122791290283203,0.17225834727287292,0.21710720658302307,0.26989078521728516,0.01698438823223114,0.16451260447502136,0.20421619713306427,0.17965836822986603,0.2128814160823822,0.05446034297347069,0.003079257905483246,0.09541469812393188,0.13017064332962036,0.1033843457698822,0.22133338451385498,0.13365814089775085,0.2405460774898529,0.09379761666059494,0.07617317140102386,0.13286633789539337,0.5043158718085238,0.06915506720542908,0.07437900453805923,0.13273738324642181,0.06744600087404251,1.0,0.07953616976737976,0.032360851764678955,0.026602501049637794,0.05029510706663132,0.14204895496368408,0.002658659825101495,0.11312355846166611,0.23163911700248718,0.021340230479836464,0.22008319199085236,0.1596474051475525,0.4798350964680415,0.021329553797841072,0.02579163759946823,0.18200963735580444,0.2750397026538849,0.18035131692886353
Setting,0.14745838940143585,0.06283007562160492,0.08031100779771805,0.09588432312011719,0.1165386512875557,0.024951493367552757,0.039367351680994034,0.09499114751815796,0.09155414998531342,0.1557013988494873,0.09422732144594193,0.01756719872355461,0.01882135681807995,0.03048105537891388,0.06908038258552551,0.09436160326004028,0.23810400068759918,0.1251165121793747,0.15447694063186646,0.023315299302339554,0.12363813817501068,0.1902109682559967,0.01846982166171074,0.018339311704039574,0.03462320938706398,0.1120857521891594,0.07953616976737976,1.0,0.1456201821565628,0.08607187867164612,0.12578032910823822,0.11035411804914474,0.01641049049794674,0.3237802982330322,0.16460591554641724,0.09105087071657181,0.07471367716789246,0.2396916300058365,0.15001888573169708,0.09427972137928009,0.11468316614627838,0.16768133640289307,0.12351623177528381,0.17478151619434357
SettingRepository,0.061907097697257996,0.014943692833185196,0.012600015848875046,0.0361584834754467,0.037263765931129456,0.006686739157885313,0.009028472006320953,0.026034703478217125,0.040403541177511215,0.06467532366514206,0.06375696510076523,0.0207643061876297,0.002681152895092964,0.007210161536931992,0.02848059870302677,0.027510635554790497,0.053324464708566666,0.05244852602481842,0.04796917364001274,0.005083497613668442,0.07442303746938705,0.16092246770858765,0.0035809464752674103,0.0035987705923616886,0.008776707574725151,0.06349729746580124,0.032360851764678955,0.1456201821565628,1.0,0.05013178661465645,0.04042644798755646,0.0820343866944313,0.021332798525691032,0.10379170626401901,0.07781949639320374,0.3299645781517029,0.032368652522563934,0.051747940480709076,0.1202150210738182,0.04211064800620079,0.3774925768375397,0.14437922835350037,0.044188085943460464,0.1271274983882904
SettingService,0.049477603286504745,0.04187098145484924,0.04513222724199295,0.02618742734193802,0.05976853147149086,0.0271583404392004,0.03021674044430256,0.03515385091304779,0.029598988592624664,0.04933804273605347,0.08346889168024063,0.05825062841176987,0.026919815689325333,0.02021198160946369,0.09970948845148087,0.04518779367208481,0.0500110425055027,0.03370269015431404,0.07608901709318161,0.052476756274700165,0.02178741991519928,0.04174940288066864,0.0479346439242363,0.045562002807855606,0.023291509598493576,0.07791499048471451,0.026602501049637794,0.08607187867164612,0.05013178661465645,1.0,0.10163646936416626,0.06154567375779152,0.05140060558915138,0.10092813521623611,0.0546574592590332,0.05441167950630188,0.047395166009664536,0.0764966607093811,0.07077349722385406,0.10657072067260742,0.05134635791182518,0.028688689693808556,0.05120550096035004,0.038724541664123535
SettingsForm,0.08212931454181671,0.058580998331308365,0.07768794149160385,0.03804176300764084,0.08039641380310059,0.032871656119823456,0.0421716533601284,0.050437841564416885,0.04929232969880104,0.08345606923103333,0.07219867408275604,0.03603951260447502,0.04674573987722397,0.0226886123418808,0.1290975958108902,0.0752735584974289,0.11713577806949615,0.05751604214310646,0.30671554803848267,0.08091887086629868,0.039028603583574295,0.06443321704864502,0.06830763816833496,0.06730632483959198,0.03685234859585762,0.06774618476629257,0.05029510706663132,0.12578032910823822,0.04042644798755646,0.10163646936416626,1.0,0.0644913911819458,0.02904866263270378,0.15789620578289032,0.08607738465070724,0.03631393238902092,0.06986523419618607,0.13780705630779266,0.09303262829780579,0.2990586459636688,0.041330669075250626,0.03889666497707367,0.08846332877874374,0.0528392530977726
SpringBlogApplication,0.18140174448490143,0.10444439947605133,0.07422176003456116,0.15606985986232758,0.13680432736873627,0.027818230912089348,0.08065497130155563,0.1434447169303894,0.12578685581684113,0.18809323012828827,0.10319860279560089,0.014828451909124851,0.033914901316165924,0.05142880231142044,0.10276231914758682,0.14805181324481964,0.10262863337993622,0.16645647585391998,0.08451678603887558,0.03945042937994003,0.09906049817800522,0.5106546767687746,0.032569222152233124,0.03358172997832298,0.07249556481838226,0.10395900905132294,0.14204895496368408,0.11035411804914474,0.0820343866944313,0.06154567375779152,0.0644913911819458,1.0,0.011096471920609474,0.14673399925231934,0.16652491688728333,0.07175570726394653,0.1275024265050888,0.1411869078874588,0.14862032234668732,0.04097004979848862,0.07817855477333069,0.5806277137051932,0.16705000400543213,0.1819712370634079
SyntaxHighlightService,0.006661634426563978,0.0029669750947505236,0.0033509274944663048,0.002376595279201865,0.005215059965848923,0.006653427612036467,0.0023150318302214146,0.00391353340819478,0.008761976845562458,0.005540417041629553,0.06766432523727417,0.3045709431171417,0.00213979952968657,0.0010901818750426173,0.024345098063349724,0.009347354993224144,0.005568857304751873,0.004009911324828863,0.013107476755976677,0.010813847184181213,0.0028375976253300905,0.011244777590036392,0.006819516886025667,0.006627139635384083,0.005824104882776737,0.04264944791793823,0.002658659825101495,0.01641049049794674,0.021332798525691032,0.05140060558915138,0.02904866263270378,0.011096471920609474,1.0,0.019639570266008377,0.008349573239684105,0.03580571711063385,0.00522073358297348,0.008637252263724804,0.030009377747774124,0.06677304953336716,0.031630344688892365,0.004327008966356516,0.007874229922890663,0.007830572314560413
Tag,0.19895829260349274,0.11342017352581024,0.16507762670516968,0.12382296472787857,0.17156486213207245,0.03519529104232788,0.09462529420852661,0.12498907744884491,0.11215350776910782,0.21172183752059937,0.11210738867521286,0.02327186055481434,0.047117892652750015,0.05606561526656151,0.1392844170331955,0.1565261334180832,0.25572502613067627,0.16512160003185272,0.1711703985929489,0.06921721994876862,0.13466346263885498,0.1532468944787979,0.0608750581741333,0.060937654227018356,0.06342489272356033,0.12874795496463776,0.11312355846166611,0.3237802982330322,0.10379170626401901,0.10092813521623611,0.15789620578289032,0.14673399925231934,0.019639570266008377,1.0,0.20587502419948578,0.09231320768594742,0.16802386939525604,0.36853641271591187,0.1526375412940979,0.10783454030752182,0.10040434449911118,0.12494498491287231,0.16617624461650848,0.141569584608078
TagController,0.7715378423840897,0.18386273086071014,0.1627601534128189,0.15060241520404816,0.2797669470310211,0.026830146089196205,0.1243843287229538,0.6742723084344309,0.21582373976707458,0.8201226826428113,0.10199396312236786,0.010771417990326881,0.06493888050317764,0.12445508688688278,0.11652723699808121,0.2147616297006607,0.23892441391944885,0.7442567179171942,0.161716490983963,0.052710190415382385,0.22609499096870422,0.641941485759487,0.04675937071442604,0.04897572845220566,0.09171402454376221,0.10850491374731064,0.23163911700248718,0.16460591554641724,0.07781949639320374,0.0546574592590332,0.08607738465070724,0.16652491688728333,0.008349573239684105,0.20587502419948578,1.0,0.06273289769887924,0.6198921014562351,0.22555899620056152,0.5466355570292422,0.04405651241540909,0.0618106946349144,0.2171138972043991,0.6933690107716959,0.25066569447517395
TagRepository,0.04640347510576248,0.01262261625379324,0.011778602376580238,0.02415837161242962,0.02746964618563652,0.006964335683733225,0.008922102861106396,0.021585149690508842,0.036302875727415085,0.05087461695075035,0.08577211946249008,0.0401763878762722,0.0027449792250990868,0.006118141580373049,0.03328689560294151,0.026945797726511955,0.03717208281159401,0.039977602660655975,0.04078328236937523,0.007245632354170084,0.05675233155488968,0.10465653240680695,0.004985397681593895,0.005029261577874422,0.009085258468985558,0.07043898850679398,0.021340230479836464,0.09105087071657181,0.3299645781517029,0.05441167950630188,0.03631393238902092,0.07175570726394653,0.03580571711063385,0.09231320768594742,0.06273289769887924,1.0,0.03708460181951523,0.04259870573878288,0.10927494615316391,0.048473116010427475,0.39517420530319214,0.0796918123960495,0.034815464168787,0.07813791185617447
TagService,0.2237960249185562,0.2498142570257187,0.24145087599754333,0.1618635356426239,0.2982867360115051,0.020987357944250107,0.26561519503593445,0.1900704950094223,0.15023742616176605,0.2253061681985855,0.08109711855649948,0.006349352654069662,0.1447441428899765,0.1440000832080841,0.14869193732738495,0.26582232117652893,0.12210798263549805,0.22036397457122803,0.11481337994337082,0.12832953035831451,0.12021975964307785,0.08901439607143402,0.13265272974967957,0.140321746468544,0.1638077199459076,0.08468285948038101,0.22008319199085236,0.07471367716789246,0.032368652522563934,0.047395166009664536,0.06986523419618607,0.1275024265050888,0.00522073358297348,0.16802386939525604,0.6198921014562351,0.03708460181951523,1.0,0.20889060199260712,0.0715247169137001,0.03069809265434742,0.03286532312631607,0.09338170289993286,0.233321875333786,0.09795430302619934
User,0.23742511868476868,0.19927844405174255,0.24056343734264374,0.1485440880060196,0.24912205338478088,0.054529819637537,0.15923605859279633,0.18690478801727295,0.12750984728336334,0.24326054751873016,0.09664842486381531,0.010820649564266205,0.09404630959033966,0.10234583914279938,0.14566805958747864,0.21300388872623444,0.2840595245361328,0.19572019577026367,0.17648328840732574,0.0901934802532196,0.15869322419166565,0.11729700118303299,0.08589165657758713,0.08550343662500381,0.09687323123216629,0.10982690751552582,0.1596474051475525,0.2396916300058365,0.051747940480709076,0.0764966607093811,0.13780705630779266,0.1411869078874588,0.008637252263724804,0.36853641271591187,0.22555899620056152,0.04259870573878288,0.20889060199260712,1.0,0.12364008277654648,0.07274571806192398,0.05205581709742546,0.11972329020500183,0.22848793864250183,0.12480434775352478
UserController,0.5567194349373839,0.048057492822408676,0.05039123818278313,0.0567544549703598,0.088065505027771,0.027377303689718246,0.03308120742440224,0.496683489252637,0.0753645971417427,0.15841838717460632,0.11700451374053955,0.03753608465194702,0.018921412527561188,0.026682766154408455,0.10552626103162766,0.08092574030160904,0.4708821824993154,0.502239324814644,0.0918753370642662,0.02871035970747471,0.08259323239326477,0.5239328227108384,0.022297341376543045,0.02366052009165287,0.03747527301311493,0.0841163620352745,0.4798350964680415,0.15001888573169708,0.1202150210738182,0.07077349722385406,0.09303262829780579,0.14862032234668732,0.030009377747774124,0.1526375412940979,0.5466355570292422,0.10927494615316391,0.0715247169137001,0.12364008277654648,1.0,0.09143537282943726,0.12626151740550995,0.5466725225342164,0.11250247806310654,0.14717093110084534
UserForm,0.04102872684597969,0.018855761736631393,0.035811882466077805,0.014854111708700657,0.03479953855276108,0.017772577702999115,0.015509529039263725,0.019639138132333755,0.025505078956484795,0.03586968407034874,0.06589305400848389,0.07047849893569946,0.015547760762274265,0.006227534729987383,0.09916764497756958,0.03526224195957184,0.052214331924915314,0.026297859847545624,0.14329738914966583,0.044425591826438904,0.014614462852478027,0.0389123298227787,0.03469757363200188,0.03456458821892738,0.016123663634061813,0.05330604687333107,0.021329553797841072,0.09427972137928009,0.04211064800620079,0.10657072067260742,0.2990586459636688,0.04097004979848862,0.06677304953336716,0.10783454030752182,0.04405651241540909,0.048473116010427475,0.03069809265434742,0.07274571806192398,0.09143537282943726,1.0,0.05491539090871811,0.023954473435878754,0.04527861624956131,0.03099621832370758
UserRepository,0.051204077899456024,0.013087382540106773,0.012667101807892323,0.026457784697413445,0.02964218333363533,0.007807744201272726,0.008764279074966908,0.023419009521603584,0.03627705201506615,0.05383903160691261,0.07504183799028397,0.03392520174384117,0.0025974740274250507,0.005793568212538958,0.03336769714951515,0.026442844420671463,0.044252634048461914,0.0417226180434227,0.04290178418159485,0.006940967403352261,0.060972828418016434,0.11888476461172104,0.004584897309541702,0.004675069358199835,0.009379565715789795,0.06735176593065262,0.02579163759946823,0.11468316614627838,0.3774925768375397,0.05134635791182518,0.041330669075250626,0.07817855477333069,0.031630344688892365,0.10040434449911118,0.0618106946349144,0.39517420530319214,0.03286532312631607,0.05205581709742546,0.12626151740550995,0.05491539090871811,1.0,0.10479041934013367,0.03830840066075325,0.09099627286195755
UserService,0.1911417543888092,0.06726992875337601,0.056875068694353104,0.13919313251972198,0.1303451657295227,0.010221675969660282,0.042812444269657135,0.12625017762184143,0.13237245380878448,0.1721041351556778,0.057786908000707626,0.004471513908356428,0.015008967369794846,0.047364287078380585,0.045102767646312714,0.09723952412605286,0.551627423335622,0.5647586036011307,0.08811207860708237,0.011627468280494213,0.16306965053081512,0.7063472020908921,0.009419744834303856,0.009697197005152702,0.031884338706731796,0.07866746932268143,0.18200963735580444,0.16768133640289307,0.14437922835350037,0.028688689693808556,0.03889666497707367,0.5806277137051932,0.004327008966356516,0.12494498491287231,0.2171138972043991,0.0796918123960495,0.09338170289993286,0.11972329020500183,0.5466725225342164,0.023954473435878754,0.10479041934013367,1.0,0.16925321519374847,0.33959153294563293
ViewHelper,0.7042091426949877,0.2365482598543167,0.2394004762172699,0.18211500346660614,0.30286961793899536,0.03358122706413269,0.19477584958076477,0.2591775953769684,0.2171674221754074,0.7079930724417598,0.10357846319675446,0.008713999763131142,0.12545451521873474,0.13544024527072906,0.14702637493610382,0.27304109930992126,0.2062281370162964,0.2807140052318573,0.14057451486587524,0.09007812291383743,0.1530650407075882,0.14909669756889343,0.07920961827039719,0.08220828324556351,0.1558305323123932,0.10522712767124176,0.2750397026538849,0.12351623177528381,0.044188085943460464,0.05120550096035004,0.08846332877874374,0.16705000400543213,0.007874229922890663,0.16617624461650848,0.6933690107716959,0.034815464168787,0.233321875333786,0.22848793864250183,0.11250247806310654,0.04527861624956131,0.03830840066075325,0.16925321519374847,1.0,0.1809707134962082
WebConfig,0.23508964478969574,0.08152474462985992,0.060776155441999435,0.1464327722787857,0.1368730515241623,0.017384590581059456,0.05089563876390457,0.15669186413288116,0.1680223047733307,0.19264183938503265,0.07765938341617584,0.00881290715187788,0.020138727501034737,0.057189859449863434,0.06081666424870491,0.11885137110948563,0.16148421168327332,0.21343618631362915,0.10572289675474167,0.016130639240145683,0.1572004109621048,0.3344808518886566,0.013062768615782261,0.01386779174208641,0.03917648643255234,0.10066599398851395,0.18035131692886353,0.17478151619434357,0.1271274983882904,0.038724541664123535,0.0528392530977726,0.1819712370634079,0.007830572314560413,0.141569584608078,0.25066569447517395,0.07813791185617447,0.09795430302619934,0.12480434775352478,0.14717093110084534,0.03099621832370758,0.09099627286195755,0.33959153294563293,0.1809707134962082,1.0
